nvcc ./shakespeare.cu -o shakespeare
C:\Users\Timot\git\attention.cu\projects\shakespeare\tokenizer.h(117): warning #815-D: type qualifier on return type is meaningless
          const char chars(int i) const {
          ^

Remark: The warnings can be suppressed with "-diag-suppress <warning-number>"

C:\Users\Timot\git\attention.cu\projects\shakespeare\shakespeare.cu(24): warning #2464-D: conversion from a string literal to "char *" is deprecated
      std::string dataset = readFile("tiny_shakespeare.txt"); 
                                     ^

C:\Users\Timot\git\attention.cu\include\./algebra.h(249): warning #177-D: variable "scale" was declared but never referenced
          int scale = sizea/sizeb;
              ^

Remark: The warnings can be suppressed with "-diag-suppress <warning-number>"

C:\Users\Timot\git\attention.cu\include\./algebra.h(383): warning #177-D: variable "batchsize" was declared but never referenced
                  int batchsize = size / batches;
                      ^

C:\Users\Timot\git\attention.cu\include\./algebra.h(590): warning #177-D: variable "layer_idx" was declared but never referenced
          int layer_idx = idx % layersize;
              ^

C:\Users\Timot\git\attention.cu\include\./algebra.h(639): warning #177-D: variable "splitsize" was declared but never referenced
          int splitsize = size;
              ^

C:\Users\Timot\git\attention.cu\projects\shakespeare\../../include/tensor.h(336): warning #177-D: variable "i" was declared but never referenced
              int i = 0;
                  ^

C:\Users\Timot\git\attention.cu\projects\shakespeare\tokenizer.h(117): warning #815-D: type qualifier on return type is meaningless
          const char chars(int i) const {
          ^

C:\Users\Timot\git\attention.cu\projects\shakespeare\shakespeare.cu(24): warning #2464-D: conversion from a string literal to "char *" is deprecated
      std::string dataset = readFile("tiny_shakespeare.txt"); 
                                     ^

C:\Users\Timot\git\attention.cu\projects\shakespeare\shakespeare.cu(18): warning #177-D: variable "CONTEXT_SIZE" was declared but never referenced
  const int CONTEXT_SIZE = 1024;
            ^

shakespeare.cu
tmpxft_0002dd7c_00000000-10_shakespeare.cudafe1.cpp
   Creating library shakespeare.lib and object shakespeare.exp
./shakespeare.exe
Snapshot:
...
l:
Speak
...
Tokenized Snpashot:
...
[49, 9, 0, 30, 53, 42, 38, 48]
...


----------------------------------------



Training on sample: t, Marci
size of gradient: 256 & 256
size of gradient: 256 & 256
size of gradient: 768 & 96
size of gradient: 256 & 32
size of gradient: 256 & 256
size of gradient: 256 & 256
size of gradient: 1024 & 128
size of gradient: 256 & 32
size of gradient: 256 & 256
size of gradient: 256 & 32
size of gradient: 512 & 64

nan loss caught... printing graph and stopping
finished epoch: 0 sample:
target: t, Marci
target (tokens): [ 57 5 1 24 38 55 40 46 ]
actual:  eB
.e;G
actual (tokens): [ 1 42 13 0 7 42 10 18 ]
probabilities: [[0.005837, 0.015206, 0.018623, 0.007208, 0.006469, 0.018239, 0.003238, 0.029049]
]
logits: [[[0.009320, 0.056641, 0.009807, 0.011502, 0.010670, 0.013387, 0.012021, 0.040852, 0.012054, 0.019827, 0.005195, 0.014523, 0.010465, 0.017600, 0.014071, 0.013811, 0.019500, 0.018764, 0.009447, 0.008848, 0.011975, 0.012246, 0.011354, 0.010426, 0.005759, 0.008510, 0.009153, 0.014359, 0.004800, 0.019075, 0.037763, 0.003983, 0.010688, 0.013125, 0.015971, 0.012172, 0.002692, 0.011134, 0.013524, 0.018574, 0.004456, 0.033184, 0.012805, 0.039417, 0.015836, 0.012336, 0.023790, 0.026447, 0.012777, 0.020487, 0.010939, 0.014634, 0.031516, 0.012219, 0.007726, 0.024316, 0.024923, 0.005837, 0.008474, 0.034249, 0.004812, 0.015283, 0.012487, 0.015462]
, [0.025849, 0.013057, 0.010703, 0.018216, 0.032374, 0.015206, 0.011988, 0.017338, 0.011121, 0.018373, 0.010886, 0.021610, 0.017986, 0.032285, 0.005045, 0.015357, 0.024266, 0.013502, 0.022715, 0.005683, 0.006912, 0.007515, 0.011140, 0.011626, 0.008277, 0.020472, 0.011185, 0.012720, 0.007460, 0.024680, 0.008669, 0.003993, 0.006976, 0.018387, 0.022864, 0.015622, 0.002550, 0.003300, 0.009492, 0.009261, 0.008080, 0.020618, 0.033708, 0.033134, 0.021562, 0.012781, 0.006753, 0.021066, 0.024904, 0.007687, 0.021091, 0.010863, 0.014499, 0.010940, 0.014425, 0.026197, 0.022187, 0.015858, 0.027135, 0.019692, 0.007090, 0.016763, 0.018022, 0.018285]
, [0.023003, 0.018623, 0.020222, 0.022446, 0.017004, 0.029317, 0.008023, 0.005882, 0.003541, 0.018690, 0.019959, 0.040752, 0.015402, 0.043349, 0.009916, 0.013232, 0.003901, 0.007592, 0.014980, 0.017733, 0.018412, 0.008755, 0.008845, 0.005820, 0.011748, 0.017052, 0.028388, 0.009111, 0.004122, 0.013300, 0.017795, 0.008082, 0.027061, 0.015296, 0.016927, 0.020140, 0.009093, 0.011401, 0.015881, 0.009716, 0.016946, 0.017264, 0.016799, 0.009903, 0.015756, 0.005051, 0.011596, 0.013266, 0.024427, 0.032604, 0.005059, 0.010792, 0.008432, 0.011256, 0.015802, 0.015197, 0.006382, 0.011821, 0.015855, 0.019628, 0.019359, 0.018984, 0.008454, 0.038853]
, [0.057155, 0.018948, 0.019154, 0.007540, 0.012105, 0.009752, 0.014189, 0.008511, 0.026813, 0.011729, 0.013051, 0.017307, 0.009257, 0.033451, 0.008243, 0.015428, 0.014819, 0.018163, 0.034283, 0.007284, 0.013223, 0.005302, 0.015049, 0.002686, 0.007208, 0.025077, 0.007322, 0.011781, 0.007044, 0.025558, 0.008150, 0.005070, 0.007083, 0.012106, 0.028167, 0.024680, 0.004643, 0.017086, 0.008894, 0.005874, 0.018412, 0.004709, 0.025604, 0.011570, 0.010063, 0.010472, 0.016225, 0.031100, 0.009524, 0.011200, 0.012803, 0.010179, 0.009402, 0.008627, 0.009216, 0.020104, 0.024914, 0.026629, 0.053012, 0.009398, 0.011814, 0.007854, 0.032119, 0.015865]
, [0.044135, 0.015481, 0.013976, 0.003682, 0.004899, 0.021572, 0.010750, 0.048847, 0.017945, 0.010662, 0.008323, 0.011922, 0.003376, 0.032223, 0.013708, 0.008189, 0.009317, 0.011264, 0.043636, 0.008748, 0.029110, 0.010969, 0.013627, 0.012872, 0.009437, 0.015138, 0.006215, 0.014470, 0.010744, 0.025747, 0.006642, 0.008150, 0.012152, 0.019452, 0.014566, 0.033462, 0.011553, 0.026696, 0.006469, 0.026458, 0.019213, 0.016919, 0.033024, 0.004602, 0.011281, 0.012730, 0.014082, 0.012458, 0.010136, 0.012807, 0.011775, 0.006261, 0.012888, 0.013849, 0.019767, 0.016545, 0.014682, 0.030013, 0.012381, 0.010344, 0.010088, 0.010910, 0.009367, 0.017293]
, [0.035682, 0.005931, 0.006174, 0.010465, 0.024103, 0.007084, 0.013256, 0.014610, 0.030346, 0.010534, 0.011181, 0.012124, 0.012168, 0.023336, 0.008058, 0.007635, 0.012865, 0.015034, 0.031692, 0.005324, 0.014632, 0.011636, 0.012830, 0.034549, 0.009903, 0.020177, 0.010198, 0.010607, 0.025813, 0.008282, 0.004748, 0.009106, 0.009165, 0.015789, 0.016792, 0.023355, 0.003687, 0.011019, 0.006082, 0.013197, 0.007171, 0.015421, 0.039534, 0.014907, 0.017698, 0.033515, 0.008983, 0.014112, 0.024262, 0.006149, 0.023562, 0.011053, 0.014563, 0.021124, 0.015678, 0.018239, 0.020255, 0.018472, 0.019449, 0.005557, 0.017603, 0.019740, 0.034366, 0.009419]
, [0.010741, 0.030419, 0.019981, 0.008947, 0.046144, 0.010615, 0.020209, 0.014611, 0.013064, 0.028172, 0.059892, 0.017713, 0.010165, 0.009153, 0.005386, 0.006160, 0.011636, 0.029233, 0.010284, 0.011020, 0.009853, 0.020504, 0.028723, 0.008947, 0.017559, 0.006295, 0.006344, 0.002368, 0.002194, 0.013109, 0.003591, 0.023507, 0.013604, 0.005024, 0.015250, 0.019112, 0.005185, 0.011406, 0.004597, 0.006048, 0.003238, 0.007826, 0.012830, 0.019738, 0.011060, 0.016384, 0.008531, 0.021681, 0.007551, 0.011150, 0.025950, 0.005255, 0.008311, 0.013781, 0.014400, 0.026539, 0.029763, 0.009841, 0.040859, 0.017430, 0.005707, 0.037852, 0.041946, 0.005611]
, [0.022060, 0.026498, 0.011087, 0.006963, 0.005214, 0.022473, 0.018354, 0.014486, 0.013756, 0.030135, 0.012570, 0.017852, 0.008529, 0.029334, 0.007960, 0.014696, 0.023796, 0.012641, 0.051043, 0.003307, 0.015389, 0.010080, 0.023751, 0.005783, 0.008223, 0.021829, 0.005009, 0.016388, 0.013226, 0.024761, 0.009344, 0.011340, 0.006797, 0.009126, 0.017045, 0.013454, 0.006743, 0.008601, 0.012115, 0.005414, 0.012436, 0.010266, 0.014351, 0.013499, 0.010804, 0.013174, 0.029049, 0.035934, 0.009580, 0.009496, 0.010867, 0.011656, 0.013018, 0.016058, 0.010243, 0.015086, 0.018335, 0.027517, 0.038233, 0.024566, 0.019393, 0.006027, 0.011511, 0.021727]
]]

Graph:
([ 32 32 ]) : linear: weights
[[-0.128878, 0.118443, 0.165770, -0.098629, -0.067823, 0.016695, -0.110174, 0.174260, 0.175526, 0.165355, 0.079846, 0.170098, -0.137935, 0.105396, -0.071761, -0.175085, -0.137014, 0.049414, 0.133795, 0.001295, 0.105334, -0.049040, -0.101850, 0.064120, -0.035801, 0.085082, -0.008924, -0.027546, -0.115306, -0.070034, 0.105104, -0.064859]
, [0.131673, -0.124057, 0.174680, 0.113810, -0.132518, 0.093250, -0.003327, 0.057843, -0.132266, -0.102457, -0.158669, -0.163893, -0.032268, -0.014853, -0.004395, 0.103936, 0.148802, 0.108729, 0.072752, -0.175780, 0.074495, 0.050898, -0.015545, 0.096844, 0.026076, 0.133204, 0.108956, -0.170493, 0.113578, 0.113434, 0.155590, -0.030877]
, [-0.027165, 0.028623, -0.120895, 0.092536, -0.095404, 0.109508, 0.172718, -0.059238, -0.070770, -0.171990, -0.099972, 0.144025, 0.123202, 0.160873, 0.098605, 0.172343, -0.152878, 0.103802, 0.033412, 0.082307, 0.069025, 0.063576, -0.038070, 0.021764, -0.103214, 0.009677, -0.033867, -0.052056, 0.032818, -0.050790, 0.164390, -0.122174]
, [-0.037156, -0.039847, 0.080241, -0.039397, 0.151142, -0.022586, 0.128226, 0.042554, -0.134510, -0.009915, -0.056491, 0.010551, 0.076403, 0.172668, 0.077956, 0.145868, 0.001944, 0.020601, 0.001128, -0.013267, 0.016473, -0.018532, 0.125317, 0.036851, -0.000515, 0.169679, -0.164644, 0.168646, -0.048371, 0.063470, -0.054365, 0.125821]
, [-0.160846, 0.056611, 0.088367, -0.129755, 0.170540, -0.143064, -0.076837, 0.106813, -0.149356, 0.045037, -0.173915, 0.063741, 0.011997, -0.021685, -0.106225, -0.127986, -0.041602, 0.092780, -0.162468, -0.087343, 0.001687, 0.114058, 0.170315, 0.114359, -0.070065, -0.159826, -0.089149, 0.015576, 0.137082, -0.055211, -0.165014, -0.119193]
, [0.133418, -0.102424, -0.080344, -0.002672, -0.097786, -0.003429, 0.160847, 0.053729, 0.091041, -0.022894, 0.018696, -0.157984, -0.062752, -0.033594, 0.144403, 0.109297, -0.085455, -0.130869, -0.002359, -0.042957, 0.077241, -0.075022, 0.043641, 0.110264, -0.066288, -0.040407, -0.055179, 0.111641, 0.059851, -0.042632, -0.014674, -0.069433]
, [0.145157, -0.004024, 0.090435, -0.138571, -0.037622, 0.130881, -0.049193, 0.147473, 0.015488, -0.127228, -0.106111, 0.158719, 0.173280, -0.091897, -0.170936, -0.039380, 0.098885, -0.008260, 0.014191, -0.170253, 0.141486, -0.108012, 0.136471, -0.020781, -0.124511, -0.092100, 0.105943, -0.009541, -0.145019, 0.051106, 0.047045, 0.029834]
, [0.080134, -0.051393, 0.063783, 0.073299, -0.119385, -0.129494, -0.017835, -0.161908, 0.105134, -0.117537, 0.117102, -0.061885, 0.055077, -0.028217, 0.099670, -0.136757, 0.174491, -0.112581, 0.092960, -0.082760, -0.090461, -0.141160, -0.055038, -0.077206, 0.165689, -0.101197, 0.037451, -0.096679, -0.109635, -0.034800, -0.030656, -0.116619]
, [-0.071046, 0.048249, -0.123187, 0.095192, 0.135753, 0.162359, -0.170389, 0.029291, 0.094347, -0.060883, -0.131145, -0.073553, 0.122722, -0.095189, 0.000698, -0.176212, -0.172344, -0.075453, -0.141881, -0.040745, -0.051142, 0.077771, -0.153638, 0.004900, -0.026878, 0.067105, -0.086994, -0.034818, -0.083270, 0.153531, -0.009714, 0.039215]
, [-0.004101, 0.005133, -0.090149, -0.059042, 0.000835, 0.033962, -0.067120, 0.163694, -0.094611, 0.087294, -0.062744, -0.064265, 0.159973, 0.012276, 0.131453, 0.153655, 0.059084, -0.074356, -0.153610, -0.094792, 0.072381, -0.107796, -0.027500, 0.154169, -0.126495, 0.050622, -0.009641, -0.022298, -0.090397, 0.002093, 0.143876, -0.149728]
, [0.075626, 0.041438, -0.109925, -0.036422, -0.078608, 0.126607, 0.144581, 0.041464, -0.112848, 0.005312, 0.114775, -0.049736, 0.111764, -0.073048, -0.115924, -0.002549, -0.107719, 0.128802, -0.104582, 0.041108, 0.133661, -0.038018, 0.157889, -0.117840, 0.166834, 0.022615, 0.034779, -0.130383, 0.023609, 0.019226, -0.067002, -0.134121]
, [0.084072, -0.090961, 0.114148, -0.111201, -0.066229, 0.134960, 0.061594, 0.084604, -0.154664, -0.130263, -0.144974, -0.173837, -0.015376, 0.047483, 0.010523, -0.000753, -0.058054, -0.087390, -0.094160, -0.115554, 0.033934, 0.080219, 0.133492, 0.073242, -0.093775, -0.007780, -0.170338, 0.087445, 0.054703, -0.149176, -0.009628, 0.175530]
, [0.011348, 0.141222, 0.096485, -0.104737, 0.143935, -0.044260, 0.123068, -0.061271, -0.061258, 0.056289, 0.030676, -0.159459, 0.095447, -0.002916, -0.004178, -0.025058, -0.037219, 0.097741, 0.167851, 0.087860, 0.047554, -0.151257, 0.047151, 0.010225, -0.072066, -0.061756, 0.046358, 0.174834, 0.005674, 0.079356, -0.089953, -0.059277]
, [0.087897, 0.064688, 0.064089, -0.148902, -0.014518, 0.070055, -0.152776, -0.152332, 0.009561, -0.084128, -0.005878, -0.130530, -0.143387, -0.134215, 0.166113, 0.090609, -0.081962, 0.079516, -0.029782, -0.008938, -0.157175, 0.040215, -0.003317, 0.143003, 0.153871, 0.147883, -0.069358, 0.102566, -0.096793, -0.018048, 0.003574, -0.095236]
, [0.074911, 0.171280, 0.054876, -0.080374, -0.010955, -0.175716, -0.018942, 0.166504, -0.069062, -0.100724, -0.089242, 0.108347, -0.004819, -0.032703, -0.100540, 0.014231, 0.078851, -0.076476, 0.015154, 0.090483, -0.059405, 0.106689, 0.126244, -0.171512, 0.136098, 0.032911, -0.146294, 0.150216, 0.146272, 0.169973, 0.141429, 0.158998]
, [0.153627, -0.173834, 0.098215, -0.167599, 0.031069, 0.052955, -0.060728, -0.137504, -0.132840, 0.167554, 0.011748, 0.057382, 0.073630, -0.152474, -0.103960, -0.023536, -0.172820, -0.152289, -0.055486, -0.066387, 0.174211, -0.081648, 0.126242, -0.051049, 0.087246, 0.121925, -0.100007, 0.164385, 0.075021, 0.170649, 0.091888, -0.108449]
, [-0.052117, -0.107374, 0.117404, 0.160016, 0.094530, 0.127975, -0.015675, -0.059155, 0.119593, 0.019201, -0.134044, -0.101758, -0.003097, -0.031942, 0.091751, -0.050535, 0.096091, 0.170250, 0.122387, 0.118307, -0.046954, -0.158878, 0.168136, 0.121124, 0.130624, -0.150084, -0.165330, 0.040281, 0.083326, 0.040845, 0.057498, 0.159546]
, [-0.082771, 0.148275, -0.134917, -0.066091, 0.131563, -0.094171, 0.108915, 0.019987, 0.156834, 0.001309, 0.058837, -0.122695, 0.167312, 0.047294, -0.113614, -0.150563, -0.001777, 0.101109, -0.012488, 0.135422, 0.052103, 0.142567, -0.174665, 0.068434, 0.030084, -0.139526, 0.173354, -0.095462, -0.059076, 0.066957, 0.163137, -0.096662]
, [0.149992, 0.133023, -0.024132, -0.010293, 0.021957, 0.119365, -0.124342, 0.049242, 0.175219, 0.049283, -0.021384, -0.166740, -0.147378, 0.010736, 0.099703, 0.083667, -0.109545, -0.084207, -0.016884, -0.014133, 0.061390, -0.114214, -0.110368, -0.142663, -0.062270, -0.116557, -0.168032, 0.116900, -0.090217, -0.126560, -0.121820, -0.069646]
, [-0.164907, -0.032071, 0.100099, -0.020021, -0.170594, -0.075737, 0.159593, -0.116208, -0.143490, -0.079934, -0.105584, 0.089490, 0.106377, 0.030435, -0.001063, 0.032164, 0.024321, -0.111335, 0.142007, -0.168128, -0.083305, 0.099884, 0.035250, 0.019875, -0.142647, 0.150892, -0.035924, -0.162669, 0.030093, -0.030683, -0.130980, 0.038516]
, [-0.157188, 0.123141, -0.016948, -0.005298, -0.152931, -0.098639, 0.051041, 0.168232, 0.158867, 0.083606, -0.027982, 0.065667, 0.065837, -0.095012, 0.174929, -0.022771, 0.086194, -0.057258, -0.048467, 0.173200, 0.079577, 0.119327, -0.036050, 0.124343, -0.116106, 0.158178, -0.052716, -0.040702, -0.035451, 0.077204, 0.118765, 0.159408]
, [-0.154156, 0.058169, -0.114441, -0.045623, -0.117238, -0.136753, -0.122834, -0.036940, -0.036602, -0.166890, -0.017666, -0.141936, 0.147085, -0.011909, 0.088080, 0.081080, 0.083547, 0.055348, -0.100479, -0.158571, -0.156024, -0.027787, 0.109747, -0.064764, 0.135797, -0.032135, -0.105512, -0.167761, -0.153286, 0.062366, -0.148112, -0.060312]
, [-0.046111, 0.104955, -0.114380, -0.143999, -0.155700, -0.075340, 0.076363, -0.002283, 0.143233, -0.033746, -0.152956, -0.044185, 0.123241, -0.047833, -0.126356, -0.027683, 0.130448, 0.175731, 0.011912, -0.037276, -0.059303, -0.161563, 0.126047, -0.112892, -0.058932, -0.024266, -0.061002, -0.087473, -0.130261, -0.144772, 0.159857, -0.077943]
, [0.027633, -0.051969, -0.064714, 0.097842, -0.045898, -0.109076, -0.172879, -0.038087, 0.143781, 0.172281, 0.073866, 0.048774, 0.042799, 0.150294, 0.134615, -0.169899, 0.077925, 0.032201, -0.156797, 0.049066, -0.071958, -0.012530, 0.158368, 0.018361, 0.001206, -0.129635, 0.075351, 0.150296, 0.142676, 0.048187, -0.055872, 0.057860]
, [0.056431, -0.081162, 0.050304, -0.025013, 0.106848, -0.059332, 0.074425, 0.054545, -0.091692, 0.148180, 0.036712, -0.041279, 0.099039, -0.001766, 0.136139, -0.036067, -0.078511, -0.091031, -0.176249, -0.037128, -0.105360, 0.096193, 0.038345, 0.098662, -0.000215, -0.040831, 0.116931, -0.131537, -0.088507, 0.001115, -0.131447, 0.169241]
, [0.080210, -0.097793, 0.064551, -0.018134, 0.060832, 0.144733, 0.119770, -0.101862, 0.159477, 0.133605, 0.073918, 0.166422, -0.027256, 0.119245, -0.143783, 0.061316, -0.141997, 0.069824, -0.100426, 0.098228, -0.148232, -0.033481, -0.103418, -0.146713, 0.006782, 0.169171, -0.118055, 0.147953, -0.069031, 0.028599, 0.121579, -0.039572]
, [-0.174651, -0.173270, -0.106641, -0.037695, -0.107296, 0.118532, 0.098903, -0.149481, -0.073744, -0.079380, 0.043030, 0.148906, -0.097079, -0.076086, -0.146854, -0.060883, -0.158357, 0.039204, 0.015759, -0.053774, 0.009534, 0.176728, 0.125600, 0.142469, -0.131237, 0.040948, 0.116793, 0.172474, 0.051484, 0.088506, 0.090995, 0.058918]
, [0.014152, 0.081407, 0.098904, -0.004014, 0.033149, 0.165171, -0.149066, -0.164343, -0.045180, -0.149230, 0.100475, -0.008089, -0.020983, -0.077148, 0.005941, -0.046718, -0.135096, 0.034869, -0.170914, -0.011392, -0.139120, -0.057018, -0.146056, -0.104242, 0.006286, -0.008210, -0.164335, 0.124854, 0.159316, 0.124782, 0.169812, 0.128095]
, [0.113599, 0.148006, 0.034730, 0.115532, 0.013296, 0.146067, -0.117457, -0.170099, 0.126042, 0.120695, 0.101889, 0.081147, 0.082925, 0.030569, 0.022355, 0.149989, 0.037207, -0.140954, 0.042078, 0.082668, -0.073905, -0.064126, 0.026125, 0.049944, -0.157182, 0.169675, 0.103420, 0.049208, -0.062110, 0.167117, 0.001851, 0.149003]
, [0.024611, -0.018969, 0.164213, -0.134281, 0.171446, -0.095470, 0.034293, 0.024872, 0.093566, -0.031048, -0.157018, 0.002122, -0.115951, 0.010262, 0.012204, 0.064589, -0.009748, -0.059816, -0.044366, -0.128013, 0.081102, -0.060352, 0.056748, -0.154240, 0.144033, -0.139774, -0.141686, -0.038000, 0.058573, -0.001556, -0.013296, -0.102076]
, [-0.031996, -0.138690, -0.003776, -0.137241, -0.049993, -0.074012, -0.060881, -0.085196, 0.015983, -0.152158, -0.170646, -0.129076, 0.140198, 0.085674, 0.036650, 0.160119, 0.146429, -0.091093, 0.142152, -0.020105, 0.022162, -0.052631, -0.163809, 0.022551, -0.054027, 0.096068, 0.046029, 0.138808, 0.127984, -0.057413, 0.057906, 0.065182]
, [-0.035327, -0.170274, -0.175332, -0.038785, 0.176756, -0.106043, 0.045270, 0.148309, 0.124727, 0.115910, 0.149769, -0.079242, 0.051269, -0.028925, 0.173965, -0.010343, 0.061991, 0.153205, 0.025139, -0.021799, -0.063623, 0.146889, 0.170451, -0.077886, -0.169784, -0.057877, 0.136524, -0.137438, -0.066441, 0.008777, -0.134571, 0.092234]
]

transpose([ 32 32 ]) : linear: weights.transpose()
[[-0.128878, 0.131673, -0.027165, -0.037156, -0.160846, 0.133418, 0.145157, 0.080134, -0.071046, -0.004101, 0.075626, 0.084072, 0.011348, 0.087897, 0.074911, 0.153627, -0.052117, -0.082771, 0.149992, -0.164907, -0.157188, -0.154156, -0.046111, 0.027633, 0.056431, 0.080210, -0.174651, 0.014152, 0.113599, 0.024611, -0.031996, -0.035327]
, [0.118443, -0.124057, 0.028623, -0.039847, 0.056611, -0.102424, -0.004024, -0.051393, 0.048249, 0.005133, 0.041438, -0.090961, 0.141222, 0.064688, 0.171280, -0.173834, -0.107374, 0.148275, 0.133023, -0.032071, 0.123141, 0.058169, 0.104955, -0.051969, -0.081162, -0.097793, -0.173270, 0.081407, 0.148006, -0.018969, -0.138690, -0.170274]
, [0.165770, 0.174680, -0.120895, 0.080241, 0.088367, -0.080344, 0.090435, 0.063783, -0.123187, -0.090149, -0.109925, 0.114148, 0.096485, 0.064089, 0.054876, 0.098215, 0.117404, -0.134917, -0.024132, 0.100099, -0.016948, -0.114441, -0.114380, -0.064714, 0.050304, 0.064551, -0.106641, 0.098904, 0.034730, 0.164213, -0.003776, -0.175332]
, [-0.098629, 0.113810, 0.092536, -0.039397, -0.129755, -0.002672, -0.138571, 0.073299, 0.095192, -0.059042, -0.036422, -0.111201, -0.104737, -0.148902, -0.080374, -0.167599, 0.160016, -0.066091, -0.010293, -0.020021, -0.005298, -0.045623, -0.143999, 0.097842, -0.025013, -0.018134, -0.037695, -0.004014, 0.115532, -0.134281, -0.137241, -0.038785]
, [-0.067823, -0.132518, -0.095404, 0.151142, 0.170540, -0.097786, -0.037622, -0.119385, 0.135753, 0.000835, -0.078608, -0.066229, 0.143935, -0.014518, -0.010955, 0.031069, 0.094530, 0.131563, 0.021957, -0.170594, -0.152931, -0.117238, -0.155700, -0.045898, 0.106848, 0.060832, -0.107296, 0.033149, 0.013296, 0.171446, -0.049993, 0.176756]
, [0.016695, 0.093250, 0.109508, -0.022586, -0.143064, -0.003429, 0.130881, -0.129494, 0.162359, 0.033962, 0.126607, 0.134960, -0.044260, 0.070055, -0.175716, 0.052955, 0.127975, -0.094171, 0.119365, -0.075737, -0.098639, -0.136753, -0.075340, -0.109076, -0.059332, 0.144733, 0.118532, 0.165171, 0.146067, -0.095470, -0.074012, -0.106043]
, [-0.110174, -0.003327, 0.172718, 0.128226, -0.076837, 0.160847, -0.049193, -0.017835, -0.170389, -0.067120, 0.144581, 0.061594, 0.123068, -0.152776, -0.018942, -0.060728, -0.015675, 0.108915, -0.124342, 0.159593, 0.051041, -0.122834, 0.076363, -0.172879, 0.074425, 0.119770, 0.098903, -0.149066, -0.117457, 0.034293, -0.060881, 0.045270]
, [0.174260, 0.057843, -0.059238, 0.042554, 0.106813, 0.053729, 0.147473, -0.161908, 0.029291, 0.163694, 0.041464, 0.084604, -0.061271, -0.152332, 0.166504, -0.137504, -0.059155, 0.019987, 0.049242, -0.116208, 0.168232, -0.036940, -0.002283, -0.038087, 0.054545, -0.101862, -0.149481, -0.164343, -0.170099, 0.024872, -0.085196, 0.148309]
, [0.175526, -0.132266, -0.070770, -0.134510, -0.149356, 0.091041, 0.015488, 0.105134, 0.094347, -0.094611, -0.112848, -0.154664, -0.061258, 0.009561, -0.069062, -0.132840, 0.119593, 0.156834, 0.175219, -0.143490, 0.158867, -0.036602, 0.143233, 0.143781, -0.091692, 0.159477, -0.073744, -0.045180, 0.126042, 0.093566, 0.015983, 0.124727]
, [0.165355, -0.102457, -0.171990, -0.009915, 0.045037, -0.022894, -0.127228, -0.117537, -0.060883, 0.087294, 0.005312, -0.130263, 0.056289, -0.084128, -0.100724, 0.167554, 0.019201, 0.001309, 0.049283, -0.079934, 0.083606, -0.166890, -0.033746, 0.172281, 0.148180, 0.133605, -0.079380, -0.149230, 0.120695, -0.031048, -0.152158, 0.115910]
, [0.079846, -0.158669, -0.099972, -0.056491, -0.173915, 0.018696, -0.106111, 0.117102, -0.131145, -0.062744, 0.114775, -0.144974, 0.030676, -0.005878, -0.089242, 0.011748, -0.134044, 0.058837, -0.021384, -0.105584, -0.027982, -0.017666, -0.152956, 0.073866, 0.036712, 0.073918, 0.043030, 0.100475, 0.101889, -0.157018, -0.170646, 0.149769]
, [0.170098, -0.163893, 0.144025, 0.010551, 0.063741, -0.157984, 0.158719, -0.061885, -0.073553, -0.064265, -0.049736, -0.173837, -0.159459, -0.130530, 0.108347, 0.057382, -0.101758, -0.122695, -0.166740, 0.089490, 0.065667, -0.141936, -0.044185, 0.048774, -0.041279, 0.166422, 0.148906, -0.008089, 0.081147, 0.002122, -0.129076, -0.079242]
, [-0.137935, -0.032268, 0.123202, 0.076403, 0.011997, -0.062752, 0.173280, 0.055077, 0.122722, 0.159973, 0.111764, -0.015376, 0.095447, -0.143387, -0.004819, 0.073630, -0.003097, 0.167312, -0.147378, 0.106377, 0.065837, 0.147085, 0.123241, 0.042799, 0.099039, -0.027256, -0.097079, -0.020983, 0.082925, -0.115951, 0.140198, 0.051269]
, [0.105396, -0.014853, 0.160873, 0.172668, -0.021685, -0.033594, -0.091897, -0.028217, -0.095189, 0.012276, -0.073048, 0.047483, -0.002916, -0.134215, -0.032703, -0.152474, -0.031942, 0.047294, 0.010736, 0.030435, -0.095012, -0.011909, -0.047833, 0.150294, -0.001766, 0.119245, -0.076086, -0.077148, 0.030569, 0.010262, 0.085674, -0.028925]
, [-0.071761, -0.004395, 0.098605, 0.077956, -0.106225, 0.144403, -0.170936, 0.099670, 0.000698, 0.131453, -0.115924, 0.010523, -0.004178, 0.166113, -0.100540, -0.103960, 0.091751, -0.113614, 0.099703, -0.001063, 0.174929, 0.088080, -0.126356, 0.134615, 0.136139, -0.143783, -0.146854, 0.005941, 0.022355, 0.012204, 0.036650, 0.173965]
, [-0.175085, 0.103936, 0.172343, 0.145868, -0.127986, 0.109297, -0.039380, -0.136757, -0.176212, 0.153655, -0.002549, -0.000753, -0.025058, 0.090609, 0.014231, -0.023536, -0.050535, -0.150563, 0.083667, 0.032164, -0.022771, 0.081080, -0.027683, -0.169899, -0.036067, 0.061316, -0.060883, -0.046718, 0.149989, 0.064589, 0.160119, -0.010343]
, [-0.137014, 0.148802, -0.152878, 0.001944, -0.041602, -0.085455, 0.098885, 0.174491, -0.172344, 0.059084, -0.107719, -0.058054, -0.037219, -0.081962, 0.078851, -0.172820, 0.096091, -0.001777, -0.109545, 0.024321, 0.086194, 0.083547, 0.130448, 0.077925, -0.078511, -0.141997, -0.158357, -0.135096, 0.037207, -0.009748, 0.146429, 0.061991]
, [0.049414, 0.108729, 0.103802, 0.020601, 0.092780, -0.130869, -0.008260, -0.112581, -0.075453, -0.074356, 0.128802, -0.087390, 0.097741, 0.079516, -0.076476, -0.152289, 0.170250, 0.101109, -0.084207, -0.111335, -0.057258, 0.055348, 0.175731, 0.032201, -0.091031, 0.069824, 0.039204, 0.034869, -0.140954, -0.059816, -0.091093, 0.153205]
, [0.133795, 0.072752, 0.033412, 0.001128, -0.162468, -0.002359, 0.014191, 0.092960, -0.141881, -0.153610, -0.104582, -0.094160, 0.167851, -0.029782, 0.015154, -0.055486, 0.122387, -0.012488, -0.016884, 0.142007, -0.048467, -0.100479, 0.011912, -0.156797, -0.176249, -0.100426, 0.015759, -0.170914, 0.042078, -0.044366, 0.142152, 0.025139]
, [0.001295, -0.175780, 0.082307, -0.013267, -0.087343, -0.042957, -0.170253, -0.082760, -0.040745, -0.094792, 0.041108, -0.115554, 0.087860, -0.008938, 0.090483, -0.066387, 0.118307, 0.135422, -0.014133, -0.168128, 0.173200, -0.158571, -0.037276, 0.049066, -0.037128, 0.098228, -0.053774, -0.011392, 0.082668, -0.128013, -0.020105, -0.021799]
, [0.105334, 0.074495, 0.069025, 0.016473, 0.001687, 0.077241, 0.141486, -0.090461, -0.051142, 0.072381, 0.133661, 0.033934, 0.047554, -0.157175, -0.059405, 0.174211, -0.046954, 0.052103, 0.061390, -0.083305, 0.079577, -0.156024, -0.059303, -0.071958, -0.105360, -0.148232, 0.009534, -0.139120, -0.073905, 0.081102, 0.022162, -0.063623]
, [-0.049040, 0.050898, 0.063576, -0.018532, 0.114058, -0.075022, -0.108012, -0.141160, 0.077771, -0.107796, -0.038018, 0.080219, -0.151257, 0.040215, 0.106689, -0.081648, -0.158878, 0.142567, -0.114214, 0.099884, 0.119327, -0.027787, -0.161563, -0.012530, 0.096193, -0.033481, 0.176728, -0.057018, -0.064126, -0.060352, -0.052631, 0.146889]
, [-0.101850, -0.015545, -0.038070, 0.125317, 0.170315, 0.043641, 0.136471, -0.055038, -0.153638, -0.027500, 0.157889, 0.133492, 0.047151, -0.003317, 0.126244, 0.126242, 0.168136, -0.174665, -0.110368, 0.035250, -0.036050, 0.109747, 0.126047, 0.158368, 0.038345, -0.103418, 0.125600, -0.146056, 0.026125, 0.056748, -0.163809, 0.170451]
, [0.064120, 0.096844, 0.021764, 0.036851, 0.114359, 0.110264, -0.020781, -0.077206, 0.004900, 0.154169, -0.117840, 0.073242, 0.010225, 0.143003, -0.171512, -0.051049, 0.121124, 0.068434, -0.142663, 0.019875, 0.124343, -0.064764, -0.112892, 0.018361, 0.098662, -0.146713, 0.142469, -0.104242, 0.049944, -0.154240, 0.022551, -0.077886]
, [-0.035801, 0.026076, -0.103214, -0.000515, -0.070065, -0.066288, -0.124511, 0.165689, -0.026878, -0.126495, 0.166834, -0.093775, -0.072066, 0.153871, 0.136098, 0.087246, 0.130624, 0.030084, -0.062270, -0.142647, -0.116106, 0.135797, -0.058932, 0.001206, -0.000215, 0.006782, -0.131237, 0.006286, -0.157182, 0.144033, -0.054027, -0.169784]
, [0.085082, 0.133204, 0.009677, 0.169679, -0.159826, -0.040407, -0.092100, -0.101197, 0.067105, 0.050622, 0.022615, -0.007780, -0.061756, 0.147883, 0.032911, 0.121925, -0.150084, -0.139526, -0.116557, 0.150892, 0.158178, -0.032135, -0.024266, -0.129635, -0.040831, 0.169171, 0.040948, -0.008210, 0.169675, -0.139774, 0.096068, -0.057877]
, [-0.008924, 0.108956, -0.033867, -0.164644, -0.089149, -0.055179, 0.105943, 0.037451, -0.086994, -0.009641, 0.034779, -0.170338, 0.046358, -0.069358, -0.146294, -0.100007, -0.165330, 0.173354, -0.168032, -0.035924, -0.052716, -0.105512, -0.061002, 0.075351, 0.116931, -0.118055, 0.116793, -0.164335, 0.103420, -0.141686, 0.046029, 0.136524]
, [-0.027546, -0.170493, -0.052056, 0.168646, 0.015576, 0.111641, -0.009541, -0.096679, -0.034818, -0.022298, -0.130383, 0.087445, 0.174834, 0.102566, 0.150216, 0.164385, 0.040281, -0.095462, 0.116900, -0.162669, -0.040702, -0.167761, -0.087473, 0.150296, -0.131537, 0.147953, 0.172474, 0.124854, 0.049208, -0.038000, 0.138808, -0.137438]
, [-0.115306, 0.113578, 0.032818, -0.048371, 0.137082, 0.059851, -0.145019, -0.109635, -0.083270, -0.090397, 0.023609, 0.054703, 0.005674, -0.096793, 0.146272, 0.075021, 0.083326, -0.059076, -0.090217, 0.030093, -0.035451, -0.153286, -0.130261, 0.142676, -0.088507, -0.069031, 0.051484, 0.159316, -0.062110, 0.058573, 0.127984, -0.066441]
, [-0.070034, 0.113434, -0.050790, 0.063470, -0.055211, -0.042632, 0.051106, -0.034800, 0.153531, 0.002093, 0.019226, -0.149176, 0.079356, -0.018048, 0.169973, 0.170649, 0.040845, 0.066957, -0.126560, -0.030683, 0.077204, 0.062366, -0.144772, 0.048187, 0.001115, 0.028599, 0.088506, 0.124782, 0.167117, -0.001556, -0.057413, 0.008777]
, [0.105104, 0.155590, 0.164390, -0.054365, -0.165014, -0.014674, 0.047045, -0.030656, -0.009714, 0.143876, -0.067002, -0.009628, -0.089953, 0.003574, 0.141429, 0.091888, 0.057498, 0.163137, -0.121820, -0.130980, 0.118765, -0.148112, 0.159857, -0.055872, -0.131447, 0.121579, 0.090995, 0.169812, 0.001851, -0.013296, 0.057906, -0.134571]
, [-0.064859, -0.030877, -0.122174, 0.125821, -0.119193, -0.069433, 0.029834, -0.116619, 0.039215, -0.149728, -0.134121, 0.175530, -0.059277, -0.095236, 0.158998, -0.108449, 0.159546, -0.096662, -0.069646, 0.038516, 0.159408, -0.060312, -0.077943, 0.057860, 0.169241, -0.039572, 0.058918, 0.128095, 0.149003, -0.102076, 0.065182, 0.092234]
]

([ 1 8 64 ]) : wte tokens
[[[0.000000, 0.000000, 0.000000, 0.000000, 0.000000, 0.000000, 0.000000, 0.000000, 0.000000, 0.000000, 0.000000, 0.000000, 0.000000, 0.000000, 0.000000, 0.000000, 0.000000, 0.000000, 0.000000, 0.000000, 0.000000, 0.000000, 0.000000, 0.000000, 0.000000, 0.000000, 0.000000, 0.000000, 0.000000, 0.000000, 0.000000, 0.000000, 0.000000, 0.000000, 0.000000, 0.000000, 0.000000, 0.000000, 0.000000, 0.000000, 0.000000, 0.000000, 0.000000, 0.000000, 0.000000, 0.000000, 0.000000, 0.000000, 0.000000, 0.000000, 0.000000, 0.000000, 0.000000, 0.000000, 0.000000, 0.000000, 0.000000, 1.000000, 0.000000, 0.000000, 0.000000, 0.000000, 0.000000, 0.000000]
, [0.000000, 0.000000, 0.000000, 0.000000, 0.000000, 1.000000, 0.000000, 0.000000, 0.000000, 0.000000, 0.000000, 0.000000, 0.000000, 0.000000, 0.000000, 0.000000, 0.000000, 0.000000, 0.000000, 0.000000, 0.000000, 0.000000, 0.000000, 0.000000, 0.000000, 0.000000, 0.000000, 0.000000, 0.000000, 0.000000, 0.000000, 0.000000, 0.000000, 0.000000, 0.000000, 0.000000, 0.000000, 0.000000, 0.000000, 0.000000, 0.000000, 0.000000, 0.000000, 0.000000, 0.000000, 0.000000, 0.000000, 0.000000, 0.000000, 0.000000, 0.000000, 0.000000, 0.000000, 0.000000, 0.000000, 0.000000, 0.000000, 0.000000, 0.000000, 0.000000, 0.000000, 0.000000, 0.000000, 0.000000]
, [0.000000, 1.000000, 0.000000, 0.000000, 0.000000, 0.000000, 0.000000, 0.000000, 0.000000, 0.000000, 0.000000, 0.000000, 0.000000, 0.000000, 0.000000, 0.000000, 0.000000, 0.000000, 0.000000, 0.000000, 0.000000, 0.000000, 0.000000, 0.000000, 0.000000, 0.000000, 0.000000, 0.000000, 0.000000, 0.000000, 0.000000, 0.000000, 0.000000, 0.000000, 0.000000, 0.000000, 0.000000, 0.000000, 0.000000, 0.000000, 0.000000, 0.000000, 0.000000, 0.000000, 0.000000, 0.000000, 0.000000, 0.000000, 0.000000, 0.000000, 0.000000, 0.000000, 0.000000, 0.000000, 0.000000, 0.000000, 0.000000, 0.000000, 0.000000, 0.000000, 0.000000, 0.000000, 0.000000, 0.000000]
, [0.000000, 0.000000, 0.000000, 0.000000, 0.000000, 0.000000, 0.000000, 0.000000, 0.000000, 0.000000, 0.000000, 0.000000, 0.000000, 0.000000, 0.000000, 0.000000, 0.000000, 0.000000, 0.000000, 0.000000, 0.000000, 0.000000, 0.000000, 0.000000, 1.000000, 0.000000, 0.000000, 0.000000, 0.000000, 0.000000, 0.000000, 0.000000, 0.000000, 0.000000, 0.000000, 0.000000, 0.000000, 0.000000, 0.000000, 0.000000, 0.000000, 0.000000, 0.000000, 0.000000, 0.000000, 0.000000, 0.000000, 0.000000, 0.000000, 0.000000, 0.000000, 0.000000, 0.000000, 0.000000, 0.000000, 0.000000, 0.000000, 0.000000, 0.000000, 0.000000, 0.000000, 0.000000, 0.000000, 0.000000]
, [0.000000, 0.000000, 0.000000, 0.000000, 0.000000, 0.000000, 0.000000, 0.000000, 0.000000, 0.000000, 0.000000, 0.000000, 0.000000, 0.000000, 0.000000, 0.000000, 0.000000, 0.000000, 0.000000, 0.000000, 0.000000, 0.000000, 0.000000, 0.000000, 0.000000, 0.000000, 0.000000, 0.000000, 0.000000, 0.000000, 0.000000, 0.000000, 0.000000, 0.000000, 0.000000, 0.000000, 0.000000, 0.000000, 1.000000, 0.000000, 0.000000, 0.000000, 0.000000, 0.000000, 0.000000, 0.000000, 0.000000, 0.000000, 0.000000, 0.000000, 0.000000, 0.000000, 0.000000, 0.000000, 0.000000, 0.000000, 0.000000, 0.000000, 0.000000, 0.000000, 0.000000, 0.000000, 0.000000, 0.000000]
, [0.000000, 0.000000, 0.000000, 0.000000, 0.000000, 0.000000, 0.000000, 0.000000, 0.000000, 0.000000, 0.000000, 0.000000, 0.000000, 0.000000, 0.000000, 0.000000, 0.000000, 0.000000, 0.000000, 0.000000, 0.000000, 0.000000, 0.000000, 0.000000, 0.000000, 0.000000, 0.000000, 0.000000, 0.000000, 0.000000, 0.000000, 0.000000, 0.000000, 0.000000, 0.000000, 0.000000, 0.000000, 0.000000, 0.000000, 0.000000, 0.000000, 0.000000, 0.000000, 0.000000, 0.000000, 0.000000, 0.000000, 0.000000, 0.000000, 0.000000, 0.000000, 0.000000, 0.000000, 0.000000, 0.000000, 1.000000, 0.000000, 0.000000, 0.000000, 0.000000, 0.000000, 0.000000, 0.000000, 0.000000]
, [0.000000, 0.000000, 0.000000, 0.000000, 0.000000, 0.000000, 0.000000, 0.000000, 0.000000, 0.000000, 0.000000, 0.000000, 0.000000, 0.000000, 0.000000, 0.000000, 0.000000, 0.000000, 0.000000, 0.000000, 0.000000, 0.000000, 0.000000, 0.000000, 0.000000, 0.000000, 0.000000, 0.000000, 0.000000, 0.000000, 0.000000, 0.000000, 0.000000, 0.000000, 0.000000, 0.000000, 0.000000, 0.000000, 0.000000, 0.000000, 1.000000, 0.000000, 0.000000, 0.000000, 0.000000, 0.000000, 0.000000, 0.000000, 0.000000, 0.000000, 0.000000, 0.000000, 0.000000, 0.000000, 0.000000, 0.000000, 0.000000, 0.000000, 0.000000, 0.000000, 0.000000, 0.000000, 0.000000, 0.000000]
, [0.000000, 0.000000, 0.000000, 0.000000, 0.000000, 0.000000, 0.000000, 0.000000, 0.000000, 0.000000, 0.000000, 0.000000, 0.000000, 0.000000, 0.000000, 0.000000, 0.000000, 0.000000, 0.000000, 0.000000, 0.000000, 0.000000, 0.000000, 0.000000, 0.000000, 0.000000, 0.000000, 0.000000, 0.000000, 0.000000, 0.000000, 0.000000, 0.000000, 0.000000, 0.000000, 0.000000, 0.000000, 0.000000, 0.000000, 0.000000, 0.000000, 0.000000, 0.000000, 0.000000, 0.000000, 0.000000, 1.000000, 0.000000, 0.000000, 0.000000, 0.000000, 0.000000, 0.000000, 0.000000, 0.000000, 0.000000, 0.000000, 0.000000, 0.000000, 0.000000, 0.000000, 0.000000, 0.000000, 0.000000]
]]

([ 64 32 ]) : embedding: weights
[[0.253161, -0.293219, 0.084590, -0.057086, 0.992328, -1.438216, -0.910655, 0.106847, -0.600247, -0.844453, 0.018782, 0.197466, -0.743001, 0.490085, -0.070392, 1.434878, 0.939871, -0.635294, -0.191795, -0.950009, 0.686196, 0.230688, 0.258588, 0.334891, 0.581200, 0.004633, 0.583762, 1.116725, -0.339339, -0.101377, 0.486659, -0.401555]
, [0.456155, 0.190620, 1.641196, -0.929811, 0.863877, 0.806586, 1.682867, -0.174710, -1.865248, -1.348444, 0.490577, -1.029047, -0.880735, -0.530581, 0.648284, 0.935333, -0.386272, 0.644883, 0.428506, 0.426447, 0.378740, -0.728632, -0.758809, 1.094234, 0.646848, -0.013521, -0.216434, 0.076060, -0.170043, -1.038496, -0.517756, -1.266795]
, [-1.255027, -0.365809, -0.740717, -3.040185, -2.887072, -0.659565, 0.577839, 1.161006, 0.221298, 0.444862, 0.604960, 0.730481, -1.038377, 0.953996, 0.954159, 1.296245, -1.023785, 0.436841, -1.023138, -0.118069, -0.009266, 1.551442, 0.527051, 0.084552, -0.349316, 0.824533, 0.356598, 1.288821, 0.556165, 0.711059, -0.561516, 0.735621]
, [0.009669, 0.714283, 1.671511, -0.733280, 0.935400, -0.183860, 0.519719, 0.091608, 0.166521, -1.205969, -0.546515, 0.395821, -0.554006, -0.426269, -0.603826, 0.771267, -1.190999, -0.812127, 0.914769, -0.582617, -0.259811, 0.705510, -0.369014, 0.423821, 0.545409, 1.310816, -0.016918, 0.308740, -0.194280, -0.566315, 0.523716, 0.464778]
, [1.567116, 1.736933, 0.359886, 1.684932, 0.518866, 0.242812, -1.167590, 0.980364, 1.409831, -0.590240, 1.566686, 0.380095, -0.514387, -1.256050, 2.571409, 1.037770, -0.729052, -0.164653, -0.474671, -0.156685, 0.804503, 2.424773, 1.213125, -0.624254, 1.287802, -1.966438, -0.632138, -2.327539, -1.591548, -1.088834, 1.391719, -0.302110]
, [-0.414224, 0.795773, 0.545242, 2.299965, 2.403468, -0.660911, -1.240060, -0.835920, 2.113608, 0.409363, 0.980921, 1.120303, -0.390102, 1.739138, -1.564540, 0.031741, 0.841398, 0.118613, -1.205686, 0.011064, 1.290214, -0.148600, 1.848064, 2.245683, 0.093518, -0.009880, -1.154860, 2.099951, -0.979602, -0.003626, 1.116368, -0.481351]
, [0.800668, 0.389850, -0.651961, -0.241238, -0.297861, 1.057715, 1.095300, 0.584463, -0.429017, 1.563419, -0.257038, -0.440349, -0.732275, -0.448971, -0.362658, 0.301054, 1.163175, 1.858993, 0.021354, -0.210670, -0.850867, 0.432059, 1.166721, 0.112144, 2.035650, -1.022922, -0.561655, -1.132180, 0.041530, -1.134666, -1.393450, -1.669823]
, [-0.087856, 0.054371, -0.540180, -0.354274, -1.354040, 0.020437, -0.544022, 0.674893, -0.051009, 0.297008, 0.589604, -0.290138, -0.059887, -1.652903, -0.734346, 3.010265, -0.321731, 0.768689, 0.726599, -0.283627, -0.095110, -0.339502, 0.296374, 0.399073, -0.491928, -1.292483, -0.918130, -0.807725, -2.558232, -0.201224, -0.243447, -0.166852]
, [-1.106152, -0.029150, 0.375631, 0.125148, 0.442444, 1.514866, -0.675749, -0.099399, -1.537606, 0.306577, -0.154360, -0.469727, 0.973581, -0.537993, -0.218800, -0.042902, -0.459675, 0.429301, 0.789770, -1.280153, 0.390438, -0.623686, 2.205099, -0.099596, -0.866802, -2.145967, 0.377552, 1.754643, -1.008830, -1.051009, 1.384606, 0.698466]
, [-0.502846, 0.504186, 1.125854, -1.130173, -1.183799, -0.427490, -1.219939, -1.447710, 0.459391, 1.154778, 1.113978, 0.672953, -0.711979, -0.204957, 0.764817, -0.073925, 1.017409, -0.724685, -0.028511, 0.886236, -2.811260, -0.498875, -0.328197, 1.577513, -0.324655, -0.657084, 0.198092, -2.477345, 0.031871, 1.095305, 1.108219, -0.485464]
, [2.095150, 0.635950, -0.335247, -0.993822, 0.548034, -0.527889, 0.047281, 0.646613, 0.974858, -2.164918, 0.563413, 1.286634, 2.528461, -0.678613, -1.439252, 0.197664, -0.067989, 0.935729, -0.598808, -0.678778, -1.353994, -0.260727, -0.414225, -0.532250, -0.655527, -0.518577, -0.617773, 0.679741, -2.588384, -1.086251, -0.266991, -0.579750]
, [0.631186, 0.215500, -1.018608, 1.942035, -1.262208, 0.337923, 0.477014, 0.267035, -0.630529, 1.860815, -0.627107, 0.334326, -0.501521, -0.699978, -0.256435, -1.028953, 2.189690, -1.163974, 0.444886, 1.286358, 0.523886, -0.824574, -0.489595, 0.582782, -0.755658, -0.345723, -1.298419, 0.994803, -1.761575, -0.775798, -0.381099, 1.416733]
, [0.020573, -1.012658, -0.573526, -0.768895, 0.712822, 0.622638, 0.060464, -0.036074, 0.285047, -0.494108, -0.157483, -2.152195, 0.592929, -1.648893, -0.210614, -1.464927, 0.441110, 0.100901, 0.258977, -1.512995, 0.093774, -1.375813, -1.403931, -0.514843, -0.335434, -2.619761, 0.416430, -1.107193, 1.047201, -1.174715, -1.256396, 1.640990]
